4213121121215152626363645454242311245
212212126
4122121313142424343161646
41221213131424233332333444445453636262615
4441414313136
4114111141423233333444445453636262615
442313121211212151526263636454544443333232314
411414126
42131211212232333334242313344444545363626261515141423
421312112121313242434344331424245453636262615
423332314141515262636364533444346
411161423233333444445453636262615
44433332323141415152626363645
444333323231414151526263636454146
444333323231414151526263636454415
33141312222261333
413222232324335251314142535444246463737272716
411161423233333444446
113161212
2232626172222
3111633152436
11116
51316142323343436344343545456
413161423233333444446
423331423141515262636364545444433
423331423131715262636364545444433
423331423141515262636453633444347
3131614232333
4223232432213132424343445453636262615
41343222525363646
413151526263636454346
313262633
51326263333464653
513464316
513141425253535444346463737272716
4134343161646
5163131562444
4111611313142423333133344444545363616
41215152626363645122121313142
4111611313142424545363616
41141111616461343
4114111161343
4213131422112121515262636364533434346
4111613434146
3113121261636
441454536362626151514
4111641131346
411161646
51611113636515156
4111611464146
421313142424545363626261515121221
411161131314242333313
4213121121215152626363645454242313546
4111611313142423333131346
442313121211212232333334444453645362615261516
511513136
411151526263636454541
511363651
51126263131464651
411464116
5113434513436
4114141161646